theta_k = 0.495048943;
theta_S = 0.104951057;
gamma = 1.333333333;
delta_k = 0.55;
delta_S = 0.55;
rbar = 0.055;
g_n = 0.016340206;
g_a = 0.024170034;
e_k = 0.4;
e_S = 0.4;
dbar = 0;
xi = 0.7;
rho1 = 1.89;
psi = 0.13;
rho2 = 0;
yoilvalue = 0;
omega = 0;
Abar = 0.982;
phi_k0 = 0.25;
phi_s0 = 0.25;
c_0 = 0.437337766;
c_1 = 0.437337766;
inv_0 = 0.305376032;
gov_0 = 0.27402574;
gov_exp_0 = 0.383226919;
gov_inv_0 = 0.109201179;
gov_1 = 0.255988005;
gov_exp_1 = 0.365189184;
gov_inv_1 = 0.109201179;
ynon_0 = 0.586863782;
yoil_0 = 0.413136218;
d_0 = 0.131392812;
ca_0 = 0.138238656;
k_0 = 1.395146087;
s_0 = 0.295772891;
cost_k0 = 0.4;
cost_s0 = 0.4;
save params.mat theta_k theta_S gamma delta_k delta_S rbar g_n g_a e_k e_S dbar xi rho1 psi rho2 yoilvalue omega Abar phi_k0 phi_s0 c_0 c_1 inv_0 gov_0 gov_exp_0 gov_inv_0 gov_1 gov_exp_1 gov_inv_1 ynon_0 yoil_0 d_0 ca_0 k_0 s_0 cost_k0 cost_s0 ;