# Created by Octave 3.8.1, Wed Jul 23 02:11:14 2014 UTC <ubuntu@ip-172-31-34-29>
# name: b_ini
# type: scalar
20


# name: d_ini
# type: scalar
50


# name: dc_ini
# type: scalar
0


# name: bstar_ini
# type: scalar
0


# name: c_ini
# type: scalar
83.19458292282431


# name: e_ini
# type: scalar
47.44614349748204


# name: eh_ini
# type: scalar
35.74843942534226


# name: h_ini
# type: scalar
0.15


# name: i_n_ini
# type: scalar
5.886833333333332


# name: i_x_ini
# type: scalar
4.385333333333332


# name: i_z_ini
# type: scalar
3


# name: k_n_ini
# type: scalar
90.56666666666663


# name: k_x_ini
# type: scalar
67.46666666666664


# name: L_n_ini
# type: scalar
22.23


# name: L_x_ini
# type: scalar
30.36


# name: P_ini
# type: scalar
1


# name: P_k_ini
# type: scalar
2


# name: P_n_ini
# type: scalar
1


# name: P_z_ini
# type: scalar
2


# name: r_ini
# type: scalar
0.1000000000000001


# name: r_n_ini
# type: scalar
0.3000000000000002


# name: r_x_ini
# type: scalar
0.3000000000000002


# name: R_z_ini
# type: scalar
0.3


# name: q_n_ini
# type: scalar
49.4


# name: q_x_ini
# type: scalar
50.6


# name: w_ini
# type: scalar
1


# name: z_ini
# type: scalar
46.15384615384615


# name: T_ini
# type: scalar
11.92784223190601


# name: ze_ini
# type: scalar
27.69230769230769


